# Blender v2.76 (sub 0) OBJ File: 'ship_thickerblend.blend'
# www.blender.org
o Cube
v 0.071130 1.174649 3.384228
v -0.190202 2.289134 -0.612892
v 0.223400 2.289134 -0.606713
v -0.910605 1.887325 -2.691508
v 0.943687 1.887325 -2.720241
v -0.295780 2.891950 -1.863111
v 0.310273 2.891950 -1.852378
v 0.014773 2.433713 -2.779469
v -1.588164 2.667404 -0.673624
v -1.608657 2.667404 -3.929781
v 1.614103 2.667404 -0.677976
v 1.577873 2.667404 -3.922829
v -1.848866 2.667404 -1.705965
v 1.883659 2.667404 -1.756142
v 1.275766 1.667404 -0.892053
v 2.766363 1.667404 -5.338203
v -1.496879 1.667404 -0.946759
v -2.319733 1.667404 -5.392906
v -0.835605 1.887325 -2.691508
v -1.513164 2.667404 -0.673624
v 1.689103 2.667404 -0.677976
v 1.958659 2.667404 -1.756142
v -1.533657 2.667404 -3.929781
v 1.018687 1.887325 -2.720241
v -1.773866 2.667404 -1.705965
v 1.652873 2.667404 -3.922829
v 0.928890 1.823743 -2.725202
v 1.260969 1.603822 -0.897013
v 2.751566 1.603822 -5.343163
v -0.892756 1.813537 -2.694811
v -1.479030 1.593615 -0.950062
v -2.301884 1.593615 -5.396210
s off
f 2 3 1
f 3 5 1
f 2 1 4
f 2 6 7
f 7 6 8
f 5 3 7
f 4 6 2
f 7 8 5
f 6 4 8
f 15 5 16
f 17 4 18
f 3 2 7
f 1 5 4
f 28 29 27
f 5 27 29
f 15 16 29
f 15 28 27
f 31 32 30
f 18 4 30
f 18 32 31
f 4 17 31
f 16 5 29
f 28 15 29
f 5 15 27
f 32 18 30
f 17 18 31
f 30 4 31
f 13 4 10
f 5 14 12
f 9 4 13
f 11 14 5
f 25 23 19
f 24 26 22
f 20 25 19
f 21 24 22
f 10 23 25
f 9 13 25
f 4 19 23
f 4 9 20
f 14 22 26
f 12 26 24
f 11 5 24
f 14 11 21
f 13 10 25
f 20 9 25
f 10 4 23
f 19 4 20
f 12 14 26
f 5 12 24
f 21 11 24
f 22 14 21
f 5 8 4
